9
1
29
1 0 0.263677
1 20 0.39939
1 24 0.395246
2 0 0.336737
2 12 0.381685
2 13 0.386264
2 17 0.390485
3 0 0.314454
3 11 0.398998
3 15 0.387734
4 0 0.322925
4 14 0.365048
5 31 0.368588
5 29 0.385745
6 24 0.396572
6 16 0.399825
7 38 0.396336
7 25 0.398775
7 23 0.399918
8 17 0.400961
8 16 0.400009
8 14 0.402581
8 13 0.401225
8 12 0.40174
8 15 0.400817
8 22 0.400163
9 39 0.399988
10 0 0.4
10 11 0.4
10 16 0.4
11 27 0.397463
12 18 0.389856
12 13 0.394746
12 26 0.398172
12 28 0.391866
13 0 0.371485
13 36 0.399977
14 12 0.391285
14 0 0.378904
14 17 0.395236
14 11 0.399679
14 13 0.394258
15 32 0.387434
16 23 0.399804
17 28 0.391813
17 13 0.394711
18 0 0.392308
18 37 0.399994
18 19 0.397273
19 0 0.384903
20 11 0.399191
21 19 0.397406
22 26 0.398008
23 11 0.399719
24 22 0.39788
24 26 0.394512
25 15 0.398813
25 30 0.399967
26 33 0.39494
26 35 0.39494
27 21 0.397408
28 0 0.375321
28 19 0.391017
29 20 0.399822
29 28 0.386043
30 11 0.399967
31 0 0.369566
32 14 0.395139
32 0 0.392081
33 34 0.394873
34 0 0.38961
35 34 0.394873
36 16 0.399976
37 16 0.399994
38 14 0.396352
39 11 0.399964
